# Motorposition(Schritte)	Photospannung(V)
14236	0.0780367
14287	0.0678418
14338	0.0831342
14390	0.0678418
14441	0.065293
14491	0.0576468
14543	0.065293
14594	0.0627443
14645	0.055098
14696	0.0627443
14748	0.0703905
14799	0.0907804
14850	0.0933292
14901	0.106073
14952	0.108622
15003	0.123914
15054	0.139207
15106	0.141755
15157	0.144304
15208	0.141755
15259	0.157048
15311	0.139207
15362	0.154499
15413	0.141755
15464	0.136658
15515	0.118817
15566	0.11117
15617	0.0933292
15669	0.085683
15720	0.0805855
15771	0.0780367
15822	0.0678418
15873	0.0729392
15924	0.0703905
15975	0.0805855
16026	0.100975
16077	0.118817
16128	0.121365
16179	0.141755
16230	0.174889
16281	0.197828
16332	0.210571
16383	0.241156
16434	0.261546
16485	0.271741
16536	0.279387
16588	0.281936
16638	0.276839
16690	0.292131
16741	0.27429
16792	0.264095
16843	0.238607
16894	0.202925
16945	0.185084
16996	0.169791
17048	0.144304
17099	0.134109
17149	0.13156
17201	0.129012
17252	0.136658
17303	0.149402
17354	0.187633
17405	0.236059
17456	0.271741
17507	0.325265
17559	0.399178
17610	0.460348
17661	0.524067
17713	0.59798
17764	0.63876
17815	0.694832
17866	0.656601
17917	0.74071
17968	0.750905
18019	0.753453
18070	0.722869
18122	0.689735
18173	0.646406
18224	0.603078
18275	0.552103
18326	0.511323
18377	0.470543
18428	0.427214
18479	0.450153
18530	0.547005
18582	0.671894
18633	0.771295
18684	1.05166
18735	1.75256
18786	2.79754
18837	3.67686
18888	4.37522
18939	5.23159
18990	7.23745
19041	9.79894
19093	9.71993
19144	9.71993
19195	9.72248
19246	9.72757
19297	9.72503
19348	9.71993
19399	9.72248
19451	9.71483
19502	9.71483
19553	9.71228
19604	9.72248
19655	9.72248
19706	9.72757
19757	9.72503
19808	9.72248
19859	9.71993
19910	9.71993
19961	9.71993
20012	9.71993
20064	9.71993
20115	9.72757
20166	9.71993
20217	9.72248
20269	9.72248
20321	9.71483
20372	9.72503
20423	9.73777
20474	9.73777
20525	9.76071
20576	9.76581
20627	9.79384
20679	8.74886
20730	6.38108
20781	4.33698
20831	2.94027
20883	2.1884
20934	1.8749
20984	1.58179
21036	1.07205
21087	0.684637
21138	0.526615
21189	0.457799
21240	0.401727
21291	0.366045
21342	0.325265
21393	0.350752
21444	0.386435
21495	0.427214
21546	0.53681
21597	0.585236
21648	0.587785
21700	0.623468
21750	0.641309
21802	0.676991
21853	0.674442
21904	0.656601
21955	0.613273
22006	0.575041
22057	0.513872
22108	0.452702
22159	0.39663
22210	0.338008
22261	0.279387
22313	0.241156
22364	0.205474
22415	0.169791
22466	0.144304
22517	0.116268
22568	0.121365
22619	0.113719
22670	0.11117
22721	0.136658
22772	0.15195
22823	0.167243
22875	0.185084
22926	0.215669
22977	0.238607
23028	0.246254
23079	0.264095
23130	0.261546
23181	0.269192
23232	0.266644
23283	0.258997
23334	0.243705
23385	0.228413
23436	0.195279
23488	0.182535
23539	0.162145
23590	0.141755
23641	0.123914
23692	0.106073
23743	0.0933292
23794	0.0907804
23845	0.0805855
23896	0.0678418
23947	0.0627443
23998	0.075488
24049	0.0882317
24100	0.0831342
24152	0.0933292
24203	0.113719
24254	0.118817
24305	0.129012
24356	0.134109
24407	0.141755
24458	0.15195
24509	0.144304
24560	0.144304
24612	0.134109
24663	0.136658
24714	0.134109
24765	0.116268
24816	0.11117
24867	0.0882317
24918	0.100975
24969	0.0805855
25020	0.0780367
25071	0.0601955
25123	0.055098
25173	0.0627443
25225	0.0627443
25276	0.055098
25327	0.0576468
25378	0.0627443
25429	0.065293
25480	0.065293
25531	0.0729392
25582	0.085683
25634	0.0984267
25685	0.100975
25736	0.100975
25787	0.0933292
25838	0.0933292
25889	0.0907804
25940	0.0958779
25991	0.0831342
26043	0.065293
26094	0.0576468
26145	0.0525493
26196	0.055098
26247	0.055098
26299	0.055098
26350	0.0423543
26401	0.0449031
26452	0.0525493
26503	0.0627443
26554	0.065293
26605	0.0627443
26656	0.0627443
26707	0.0729392
26759	0.0729392
26810	0.0831342
26861	0.0729392
26912	0.0729392
26963	0.0678418
