# Motorposition(Schritte)	Photospannung(V)
16080	0.0347081
16131	0.0321594
16182	0.0423543
16233	0.0321594
16285	0.0372568
16336	0.0372568
16387	0.0423543
16438	0.0321594
16489	0.0347081
16540	0.0321594
16591	0.0296106
16642	0.0296106
16693	0.0423543
16745	0.0372568
16796	0.0423543
16847	0.0372568
16898	0.0372568
16949	0.0372568
17000	0.0398056
17051	0.0423543
17103	0.0398056
17154	0.0423543
17205	0.0347081
17256	0.0449031
17308	0.0474518
17359	0.0474518
17410	0.0398056
17461	0.055098
17512	0.0525493
17564	0.0423543
17615	0.0500006
17666	0.0525493
17717	0.0474518
17768	0.0500006
17819	0.0525493
17870	0.055098
17922	0.0449031
17973	0.0398056
18024	0.0423543
18075	0.0398056
18126	0.0474518
18177	0.0474518
18229	0.0321594
18280	0.0474518
18331	0.0500006
18382	0.0601955
18433	0.0627443
18484	0.0678418
18535	0.085683
18586	0.0933292
18637	0.108622
18688	0.123914
18739	0.144304
18790	0.169791
18842	0.19273
18893	0.225864
18944	0.261546
18995	0.284485
19046	0.322716
19097	0.327813
19148	0.332911
19199	0.404276
19250	0.439958
19301	0.488384
19352	0.521518
19403	0.529164
19455	0.567395
19506	0.620919
19556	0.65915
19607	0.697381
19659	0.712674
19710	0.738161
19761	0.753453
19812	0.773843
19863	0.784038
19914	0.786587
19965	0.791685
20016	0.786587
20067	0.763648
20118	0.756002
20169	0.74071
20220	0.72032
20271	0.705027
20322	0.682089
20373	0.65915
20425	0.61837
20475	0.572493
20526	0.5572
20577	0.521518
20628	0.475641
20679	0.447604
20731	0.401727
20782	0.368593
20833	0.325265
20884	0.287034
20935	0.261546
20986	0.236059
21037	0.197828
21088	0.179986
21139	0.154499
21190	0.139207
21241	0.11117
21292	0.0984267
21343	0.0831342
21394	0.0703905
21445	0.055098
21496	0.0576468
21540	0.055098
21599	0.0525493
21650	0.0372568
21701	0.0474518
21752	0.0398056
21803	0.0398056
21854	0.0423543
21906	0.0423543
21957	0.0423543
22008	0.0500006
22059	0.0398056
22111	0.0474518
22162	0.0449031
22213	0.0525493
22264	0.0474518
22315	0.055098
22366	0.0474518
22417	0.0423543
22469	0.0525493
22520	0.0576468
22571	0.0500006
22622	0.0525493
22673	0.0372568
22724	0.0398056
22775	0.0398056
22826	0.0321594
22877	0.0449031
22929	0.0296106
22980	0.0372568
23031	0.0449031
23082	0.0347081
23133	0.0270619
23184	0.0321594
