# Motorposition(Schritte)	Photospannung(V)
6422	0.0041232
6473	0.0041232
6524	0.00667194
6575	0.0117694
6626	0.0041232
6678	0.00157446
6729	0.0041232
6779	0.0041232
6830	0.0041232
6882	0.00922068
6933	-0.00607177
6984	0.0041232
7035	0.0041232
7086	-0.00352303
7137	0.00157446
7188	0.00157446
7239	0.00922068
7290	0.00922068
7341	0.0041232
7392	0.0168669
7443	0.0219644
7494	-0.00352303
7545	-0.00352303
7596	-0.000974284
7647	0.0117694
7698	0.00922068
7750	-0.000974284
7801	0.0041232
7851	0.00667194
7902	-0.013718
7954	0.00667194
8005	0.00157446
8056	0.00667194
8107	0.0143182
8158	0.00157446
8209	0.00922068
8260	0.00667194
8311	0.00157446
8362	0.00667194
8413	-0.000974284
8464	0.0117694
8515	-0.000974284
8567	0.0041232
8618	0.0117694
8669	0.0041232
8720	0.0041232
8771	0.0041232
8822	-0.000974284
8874	0.0117694
8925	0.00667194
8976	0.00667194
9027	-0.000974284
9078	0.00157446
9129	0.00667194
9180	0.00922068
9231	0.00922068
9282	0.0117694
9333	0.0168669
9384	0.00922068
9436	0.0041232
9487	0.0143182
9538	0.0117694
9589	0.0143182
9640	0.0117694
9691	0.0117694
9742	0.0117694
9793	0.0117694
9844	0.00922068
9895	0.00667194
9947	0.00667194
9998	0.0041232
10049	-0.00352303
10101	0.0041232
10152	-0.00862051
10203	0.0117694
10254	0.0041232
10305	0.00667194
10356	0.0143182
10407	0.0117694
10458	0.0168669
10509	0.0219644
10561	0.0245131
10612	0.0219644
10663	0.0245131
10714	0.0321594
10765	0.0347081
10815	0.0321594
10867	0.0398056
10918	0.0398056
10969	0.0270619
11020	0.0296106
11071	0.0321594
11122	0.0398056
11173	0.0398056
11224	0.0347081
11275	0.0270619
11327	0.0168669
11378	0.0296106
11429	0.0117694
11480	0.0168669
11531	0.00922068
11582	0.0117694
11633	0.0219644
11684	0.0245131
11735	0.0321594
11786	0.0423543
11837	0.055098
11889	0.0780367
11940	0.0958779
11991	0.106073
12042	0.144304
12093	0.164694
12144	0.21312
12195	0.246254
12246	0.281936
12297	0.317618
12348	0.368593
12400	0.409373
12450	0.442507
12502	0.501128
12553	0.547005
12604	0.57759
12655	0.595431
12706	0.656601
12757	0.689735
12808	0.717771
12860	0.743258
12911	0.768746
12962	0.768746
13013	0.794233
13064	0.791685
13116	0.78149
13167	0.773843
13218	0.756002
13269	0.722869
13321	0.697381
13372	0.674442
13423	0.633663
13474	0.592883
13525	0.5572
13576	0.501128
13627	0.465446
13678	0.422117
13729	0.378788
13781	0.340557
13832	0.292131
13883	0.251351
13934	0.215669
13985	0.162145
14036	0.15195
14087	0.116268
14138	0.100975
14190	0.0729392
14241	0.0576468
14292	0.0347081
14343	0.0296106
14394	0.0245131
14445	0.0296106
14497	0.0168669
14548	0.0194157
14599	0.0194157
14650	0.0194157
14701	0.0245131
14753	0.0219644
14804	0.0194157
14855	0.0372568
14906	0.0347081
14957	0.0423543
15008	0.0372568
15059	0.0423543
15110	0.0372568
15161	0.0347081
15212	0.0423543
15263	0.0219644
15314	0.0219644
15365	0.0270619
15416	0.0321594
15467	0.0143182
15519	0.0194157
15570	0.00922068
15621	0.0117694
15673	0.0117694
15724	0.00157446
15775	0.00667194
15826	0.00157446
15877	0.0117694
15928	0.00922068
15979	0.00157446
16030	0.00667194
16081	-0.00352303
16132	0.00667194
16183	0.00922068
16234	0.00922068
16285	0.0117694
16336	0.0117694
16387	0.0194157
16438	0.0117694
16490	0.0117694
16541	0.00667194
16592	0.0321594
16643	0.0143182
16694	0.0117694
16745	0.00667194
16797	0.00922068
16848	0.00922068
16899	0.0117694
16950	0.0117694
17001	0.00667194
17052	0.0041232
17103	-0.000974284
17154	0.0041232
17205	-0.000974284
17256	0.00157446
17307	0.0117694
17358	0.0117694
17409	0.00922068
17460	0.0041232
17511	0.0117694
17562	-0.000974284
17614	-0.000974284
17665	0.0117694
17716	0.00157446
17767	0.00667194
17818	0.00667194
17869	0.00922068
17920	0.0143182
17972	0.0117694
18023	0.00667194
18074	0.00667194
18125	-0.000974284
18176	0.00157446
18227	0.0041232
18279	0.0117694
18329	0.0117694
18381	0.0041232
18432	-0.000974284
18483	0.0041232
18534	-0.00352303
18585	0.0041232
18636	-0.00352303
