# Motorposition(Schritte)	Photospannung(V)
13371	0.065293
13421	0.075488
13473	0.0729392
13524	0.0627443
13575	0.0678418
13626	0.085683
13677	0.100975
13728	0.113719
13779	0.13156
13830	0.136658
13881	0.162145
13933	0.162145
13984	0.187633
14035	0.195279
14086	0.197828
14137	0.17234
14188	0.164694
14239	0.17234
14290	0.167243
14341	0.157048
14392	0.15195
14444	0.146853
14495	0.13156
14546	0.116268
14597	0.103524
14648	0.103524
14699	0.103524
14750	0.121365
14801	0.134109
14852	0.141755
14903	0.134109
14955	0.139207
15005	0.13156
15056	0.149402
15108	0.17234
15159	0.200376
15210	0.218218
15261	0.218218
15312	0.215669
15363	0.210571
15414	0.220766
15465	0.256449
15516	0.287034
15568	0.322716
15619	0.340557
15670	0.33546
15721	0.340557
15772	0.320167
15823	0.325265
15874	0.325265
15925	0.327813
15976	0.317618
16027	0.302326
16078	0.256449
16129	0.23351
16180	0.195279
16231	0.182535
16282	0.167243
16333	0.169791
16384	0.197828
16436	0.21312
16487	0.230961
16538	0.279387
16589	0.330362
16640	0.394081
16691	0.457799
16742	0.526615
16793	0.592883
16844	0.664247
16895	0.758551
16946	0.817172
16998	0.845208
17049	0.827367
17100	0.78149
17151	0.753453
17203	0.745807
17254	0.776392
17305	0.817172
17356	0.819721
17407	0.78149
17458	0.69993
17509	0.633663
17560	0.600529
17611	0.671894
17663	0.829916
17714	0.977743
17765	1.0593
17816	1.06695
17867	0.987938
17918	0.929317
17970	1.04146
18021	1.42887
18072	1.99214
18123	2.5758
18174	2.9989
18225	3.34552
18277	3.66667
18328	4.05662
18379	4.71165
18430	5.50176
18481	6.21541
18532	6.91376
18584	7.80073
18635	8.92727
18686	9.79384
18737	9.79129
18789	9.776
18840	9.78365
18891	9.78365
18942	9.7811
18993	9.76326
19044	9.75051
19096	9.74796
19147	9.74287
19198	9.74287
19249	9.73777
19300	9.73522
19351	9.73522
19402	9.73012
19453	9.74287
19504	9.74287
19555	9.74542
19606	9.73777
19657	9.75306
19708	9.75306
19759	9.7709
19810	9.76581
19861	9.78365
19912	9.78874
19964	9.79129
20015	9.79894
20066	9.75051
20118	9.21528
20169	8.37929
20220	7.48978
20271	6.55184
20322	5.66998
20374	4.7142
20425	3.93938
20476	3.2869
20527	2.83323
20579	2.5809
20630	2.35916
20681	2.15016
20732	1.84686
20783	1.44416
20834	1.04146
20885	0.799331
20936	0.74071
20987	0.812074
21038	0.852854
21089	0.855403
21140	0.784038
21191	0.671894
21242	0.547005
21293	0.513872
21344	0.559749
21395	0.628565
21446	0.661699
21497	0.692284
21548	0.669345
21599	0.631114
21650	0.57759
21701	0.564846
21753	0.585236
21804	0.600529
21855	0.595431
21906	0.572493
21957	0.534262
22008	0.478189
22059	0.409373
22110	0.345655
22161	0.304875
22212	0.261546
22263	0.238607
22314	0.223315
22365	0.215669
22416	0.187633
22467	0.187633
22519	0.169791
22570	0.169791
22621	0.17234
22672	0.179986
22723	0.223315
22774	0.23351
22825	0.246254
22877	0.246254
22928	0.241156
22979	0.225864
23030	0.230961
23082	0.23351
23133	0.246254
23184	0.2539
23235	0.2539
23287	0.228413
23338	0.202925
23389	0.162145
23440	0.146853
23491	0.144304
23542	0.164694
23593	0.162145
23644	0.159596
23696	0.144304
23747	0.141755
23798	0.11117
23850	0.100975
23901	0.116268
23952	0.103524
24003	0.116268
24054	0.118817
24105	0.108622
24156	0.0984267
24207	0.0933292
24258	0.0958779
24309	0.0958779
24360	0.0984267
24412	0.113719
24463	0.116268
24514	0.118817
24565	0.113719
24617	0.126463
24668	0.121365
24719	0.123914
24770	0.121365
24821	0.134109
24872	0.118817
24923	0.11117
24974	0.100975
25025	0.100975
25076	0.0958779
25127	0.085683
25178	0.0805855
25229	0.0831342
25280	0.0729392
25331	0.075488
25382	0.0576468
25434	0.0576468
25485	0.0678418
25536	0.0627443
25587	0.0678418
